31,30,29,28,27,16,16
30,29,28,27,16,16,16
29,28,27,26,16,16,16
28,27,26,25,24,16,16
27,16,16,24,23,22,16
16,16,16,16,22,21,20
16,16,16,16,16,20,19
^

